----------------
Model	Posterior
----------------
[1 1 0 1 0 0 0 0]	0.8397389925354289
[1 0 0 0 0 0 0 0]	0.13718043252088363
[1 1 0 0 0 1 0 0]	0.006585792062706437
[1 1 1 1 0 0 0 0]	0.005777719416975586
[1 1 0 1 0 1 0 0]	0.0057070130604741365
[1 1 0 0 0 0 0 0]	0.0028383551681296147
[1 1 0 1 1 0 0 0]	0.0017878607286795083
[1 1 0 1 0 0 1 0]	0.00017171543721780587
[1 0 0 1 0 0 0 0]	0.0001010090807163564
[1 1 0 0 1 1 0 0]	7.070635650144948e-05
[1 1 0 1 0 1 1 0]	3.030272421490692e-05
[1 0 1 0 0 0 0 0]	1.010090807163564e-05
----------------